0
11
12
15
20
23
27
32
37
46
50
59
65
77
93
99
106
111
117
125
131
136
144
156
163
169
176
188
200
202
205
208
212
216
224
233
240
248
254
262
269
280
286
294
301
310
315
321
328
335
341
344
348
354
367
377
380
386
391
395
401
416
421
424
426
428
430
433
435
438
440
441
446
450
455
460
467
472
476
482
490
497
504
511
531
578
583
590
598
604
615
620
627
633
638
646
651
655
662
667
671
679
684
692
697
708
726
739
743
747
750
752
755
759
765
769
777
782
786
789
796
803
807
815
821
835
846
854
859
868
876
883
888
894
899
903
909
915
922
931
944
951
955
960
966
972
978
982
987
989
993
1001
1006
1011
1018
1021
1028
1031
1038
1040
1043
1047
1051
1056
1061
1066
1072
1079
1084
1088
1094
1101
1107
1123
1126
1130
1131
1132
1133
1135
1139
1146
1157
1164
1172
1180
1189
1194
1203
1209
1218
1222
1226
1230
1234
1238
1249
1261
1267
1272
1276
1282
1289
1294
1301
1306
1311
1316
1320
1324
1330
1337
1339
1348
1354
1360
1368
1391
1400
1406
1409
1414
1422
1431
1437
1443
1447
1452
1457
1461
1467
1471
1477
1481
1486
1490
1494
1499
1503
1508
1512
1516
1520
1527
1533
1545
1551
1555
1557
1558
1563
1570
1575
1581
1587
1598
1606
1611
1618
1626
1635
1640
1646
1653
1659
1666
1673
1680
1684
1690
1706
1710
1718
1724
1732
1739
1744
1749
1753
1759
1765
1770
1776
1782
1789
1798
1802
1810
1817
1822
1826
1829
1834
1841
1846
1855
1862
1869
1874
1880
1882
1888
1892
1900
1905
1908
1916
1921
1938
1945
1952
1956
1961
1970
1978
1985
1990
1996
2005
2008
2015
2022
2030
2038
2046
2052
2058
2062
2066
2070
2075
2085
2097
2113
2117
2124
2126
2131
2137
2146
2153
2159
2167
2172
2180
2188
2194
2201
2208
2213
2219
2228
2258
2270
2287
2295
2308
2314
2330
2335
2346
2354
2361
2369
2375
2382
2387
2391
2396
2400
2403
2408
2412
2419
2425
2431
2434
2436
2437
2441
2448
2449
2451
2454
2462
2468
2473
2476
2481
2486
2494
2498
2503
2506
2510
2514
2519
2524
2527
2530
2533
2536
2541
2545
2547
2550
2554
2559
2566
2571
2575
2579
2586
2594
2605
2611
2620
2626
2630
2638
2643
2651
2657
2663
2672
2682
2694
2695
2698
2701
2705
2710
2715
2722
2733
2739
2741
2746
2748
2750
2751
2755
2758
2764
2771
2776
2782
2788
2797
2803
2810
2815
2822
2832
2839
2850
2862
2872
2876
2882
2888
2891
2897
2899
2905
2908
2913
2916
2921
2925
2930
2935
2940
2944
2947
2951
2955
2959
2964
2970
2982
2986
2987
2990
2992
2997
3002
3008
3015
3021
3026
3034
3039
3044
3047
3050
3055
3060
3064
3068
3072
3079
3085
3093
3101
3107
3111
3115
3120
3124
3130
3140
3143
3147
3149
3154
3158
3163
3168
3172
3176
3184
3189
3196
3203
3213
3216
3222
3226
3232
3235
3238
3239
3240
3242
3243
3249
3251
3255
3258
3265
3268
3270
3273
3275
3280
3282
3288
3295
3310
3312
3320
3321
3326
3328
3333
3335
3340
3343
3346
3350
3353
3359
3366
3375
3380
3385
3387
3394
3400
3402
3405
3417
3422
3427
3429
3431
3434
3438
3441
3443
3446
3453
3457
3465
3469
3473
3476
3481
3484
3492
3495
3501
3506
3535
3539
3547
3553
3558
3564
3573
3577
3582
3587
3591
3598
3602
3607
3614
3617
3621
3625
3630
3636
3640
3648
3661
3676
3680
3683
3686
3687
3688
3689
3691
3692
3693
3696
3701
3705
3709
3714
3720
3723
3726
3730
3737
3741
3746
3752
3762
3770
3777
3780
3788
3794
3800
3805
3810
3813
3817
3822
3827
3833
3839
3847
3850
3854
3859
3864
3868
3873
3877
3883
3890
3901
3930
3936
3960
3961
3970
3972
3978
3981
3987
3990
3995
3998
4003
4007
4011
4017
4021
4025
4029
4033
4039
4043
4046
4051
4054
4058
4062
4065
4069
4073
4078
4084
4090
4097
4105
4109
4115
4117
4120
4124
4128
4133
4139
4147
4153
4158
4163
4168
4171
4175
4181
4188
4194
4201
4208
4213
4222
4229
4235
4242
4247
4253
4258
4264
4273
4277
4282
4287
4292
4295
4302
4307
4312
4316
4322
4326
4333
4338
4345
4350
4358
4364
4372
4377
4383
4391
4399
4426
4434
4443
4450
4458
4464
4469
4474
4480
4486
4495
4502
4508
4515
4525
4529
4535
4540
