% 1st line ground truth, frame1 id, frame2 id, Rf2s in euler angles in radians, and Tc1 in c2 in meters
% 2nd line 8 point in OpenCV, camera distortion not considered!
% frame 1 id, matches, euler angles RPY Rf2s=R3(-y)R2(-p)R1(-r), and normalized translation T 1st in 2nd frame
% 3rd line P4PRansac, matches number, scale 2nd/scale 1st, euler angles RPY for Rc12c2, and Tfins frame
% 4th line P4PRansac+ 2ViewBA, matches number, scale 2nd/scale 1st, euler angles RPY for Rc12c2, and Tfins frame
136	1581	0.00225365	-0.08369961	0.00371837	0.85210086	-0.74502978	0.15396396
136	855	-0.00372668	-0.05596061	-0.00250625	0.48476287	-0.04261038	0.87360707
855	5.32393351	0.00200161	-0.05548263	0.00529128	0.00324052	0.00016903	0.00533207
855	5.32393351	0.00194164	-0.05599551	0.00513055	0.00355203	0.00007473	0.00533044
144	1587	-0.00024801	-0.06875623	0.00489535	0.54942943	-0.72771136	1.32674807
144	636	-0.00047453	-0.04346268	0.00459267	-0.02591440	-0.00957372	0.99961832
636	4.67736386	0.00048862	-0.04371340	0.00576011	-0.00121164	0.00014626	0.02536259
636	4.67736386	0.00054960	-0.04674810	0.00660563	0.00072153	0.00022130	0.02344119
156	1598	-0.00385595	0.00428895	-0.00726940	0.46610475	-0.78127672	1.84814993
156	658	-0.00147681	0.02153751	-0.00234682	0.01803204	0.01884527	0.99965979
658	4.74846350	-0.00566861	0.01868748	-0.00740278	0.00325777	-0.00069385	0.02017491
658	4.74846350	-0.00377034	0.02362768	-0.00638611	-0.00044885	-0.00022641	0.03126510
163	1606	-0.00095532	-0.01868449	0.00614117	0.56612005	-0.78514762	0.65661060
163	919	0.00816863	-0.00658371	0.01352543	0.17289707	0.09362416	0.98048005
919	4.69580364	0.00241443	-0.00584569	0.02063913	0.00276107	0.00109211	0.01014117
919	4.69580364	-0.00158987	-0.00355532	0.00435991	0.00118776	-0.00031692	0.01388675
169	1611	-0.00307441	-0.02443077	0.00008063	0.44950836	-0.83496752	1.27153991
169	698	-0.00117731	-0.00801601	0.00039073	-0.04601794	-0.00151507	0.99893946
698	4.50276580	0.00034529	-0.00908710	0.00959733	-0.00056813	0.00097167	0.02707509
698	4.50276580	-0.00162152	-0.00737019	-0.00064772	-0.00177298	-0.00005761	0.02491939
176	1618	-0.00489609	-0.00426693	-0.00729061	0.30873087	-0.84811546	0.81358350
176	568	-0.00630774	0.00738078	-0.00747696	-0.01233092	-0.04903496	0.99872094
568	4.46168148	-0.00479977	0.01065653	-0.00794636	-0.00143467	-0.00018454	0.01479380
568	4.46168148	-0.00470511	0.00825514	-0.00640427	-0.00060369	-0.00036498	0.01934640
401	2462	-0.01689722	-0.00141173	-0.01469149	0.11960251	0.40218876	-6.28449801
401	219	-0.01521508	0.00298412	-0.02354784	0.03768351	0.01560167	-0.99916792
219	6.26961079	-0.02514102	-0.00211473	-0.01022203	0.01707993	-0.00527572	-0.13175572
219	6.26961079	-0.01565767	0.00410062	-0.01956069	0.00145743	0.00008380	-0.01825496
416	2468	-0.00827194	-0.37455639	-0.05413403	-1.12388312	0.64549254	-3.78230094
416	295	-0.00336403	-0.36243772	-0.04159606	-0.16250539	0.01445307	-0.98660180
295	9.89885198	0.03461722	-0.42239356	0.00080782	0.02085282	0.02563094	-0.04694094
295	9.89885198	0.02244100	-0.33925926	0.00626846	-0.07016509	0.02131437	0.22807952
2369	3312	-0.01466662	-0.00791594	-0.00001224	-0.15145533	0.03588461	0.85432608
2369	850	-0.01212878	-0.00463880	0.01116096	0.18941855	-0.02892897	0.98147019
850	2.51250655	0.03577327	-0.01728977	-0.04588966	0.06391680	0.09165573	0.16921860
850	2.51250655	-0.00549739	-0.01001448	-0.00194358	0.03826883	0.01460934	0.13590861
2375	3320	0.00314449	-0.02028726	-0.00179382	-0.45080581	0.05189455	-0.88275560
2375	743	0.00578077	-0.01201785	-0.00821094	0.02835213	0.03322554	-0.99904565
743	2.69007953	0.00390428	-0.01707805	0.00165553	0.00456253	-0.00073777	-0.06694316
743	2.69007953	0.00522151	-0.02067491	0.00001398	0.00860631	0.00094212	-0.03466081
2375	3321	0.00960254	-0.01681734	-0.00284793	-0.47162998	0.07797215	-1.88917286
2375	650	0.01028703	-0.01697285	0.00148703	0.09620529	0.01331155	-0.99527250
650	2.70319810	0.00545266	-0.06032842	0.01624027	0.17628921	-0.00909600	-0.08056521
650	2.70319810	0.01492652	-0.02994260	0.00109195	0.00275777	0.00063723	-0.00385372
2382	3326	-0.00284915	-0.00723750	-0.00412294	-0.71363730	0.01615395	0.15193739
2382	1047	0.00003318	-0.00030979	-0.00959715	-0.12187308	0.01164410	0.99247739
1047	2.03051418	0.00280237	-0.01662412	-0.00127229	0.04055251	0.01265014	0.10408491
1047	2.03051418	-0.00171012	-0.01594448	-0.00016861	0.03169888	-0.00060496	0.05935974
2382	3328	0.00899732	-0.00205227	-0.00425699	-0.73044283	0.06355194	-1.84232315
2382	747	0.01153249	-0.00117811	-0.00578228	0.01869653	0.04275709	-0.99891054
747	2.18367611	0.00898505	0.00064752	-0.00250779	0.00253318	0.00346449	-0.17764549
747	2.18367611	0.00680039	-0.01193133	0.00802091	0.03533125	0.00070248	-0.17167440
2387	3333	-0.01211670	0.00497190	-0.00444573	-0.70336911	0.03534777	-1.80325527
2387	736	-0.00995576	0.00550987	0.00467720	0.02463263	0.01306455	-0.99961120
736	2.48812153	-0.01149752	0.00973916	-0.00040041	-0.00801932	-0.00181698	-0.17318202
736	2.48812153	-0.00884438	-0.00269776	0.00155324	0.02158653	0.00261204	-0.10405491
2391	3335	-0.00191908	0.00641515	0.00240843	-0.65841742	0.01966774	0.11621822
2391	979	-0.00306906	0.00942103	-0.00065360	0.20460811	-0.07479411	0.97598225
979	2.52440464	-0.00076275	0.00683595	0.00485962	0.00869776	-0.00066406	0.02681205
979	2.52440464	-0.00152602	0.00754020	0.00511609	0.01015792	-0.00205882	0.04098092
2396	3340	-0.00045584	0.00271522	0.00556914	-0.64555102	0.02969481	0.07485733
2396	864	-0.00174141	0.00729655	-0.00044239	0.27697363	-0.00447794	0.96086708
864	2.47445661	0.00007855	0.00381725	0.00727384	0.01006737	-0.00067223	0.02175508
864	2.47445661	0.00215867	0.00254264	0.00619963	0.01471659	0.00294488	0.02769146
2400	3343	0.00006708	-0.00175301	0.00470610	-0.63913337	0.02147085	0.99499316
2400	768	-0.00200594	-0.00617525	0.00178274	0.15174332	-0.03682742	0.98773362
768	2.44346783	-0.02663504	0.18752269	-0.00170277	-0.59828600	-0.08047222	-0.05593788
768	2.44346783	0.00120799	0.02021596	0.00384588	-0.00927348	-0.00049574	0.03473192
2403	3346	-0.00502214	-0.00701669	0.00169098	-0.68217296	0.00853679	0.93487230
2403	729	-0.00258263	-0.01506803	0.00363258	0.19185514	-0.02642314	0.98106749
729	2.45062930	-0.00457356	-0.00206530	0.00530881	0.00286207	-0.00489160	0.10353076
729	2.45062930	-0.00250089	0.00525447	0.00179624	-0.01162388	-0.00251071	0.09122337
2408	3350	0.00184518	-0.01427599	-0.00176484	-0.77161458	-0.06458361	1.59670727
2408	511	0.00837978	-0.02406637	0.00287866	0.13890909	0.04554919	0.98925706
511	2.20176464	-0.12971251	0.08561380	-0.02981052	-0.23979131	-0.30770049	0.31096235
511	2.20176464	0.00754327	0.03257222	0.00110499	-0.07126511	0.00471045	0.17165557
2408	3353	0.00088006	-0.01397550	-0.00062168	-0.83344531	-0.02915793	-0.90146340
2408	632	0.00208427	-0.01848801	-0.00305433	0.13407727	0.00556317	-0.99095526
632	2.37836034	-0.04717345	-0.01780817	0.01316329	-0.01538061	-0.09976115	-0.22935377
632	2.37836034	0.00267936	-0.04538417	-0.00153058	0.05905441	0.00394969	-0.04557976
2412	3359	0.00492866	-0.02258392	-0.00623277	-0.81715586	-0.01521895	-2.07248404
2412	483	-0.07530557	-0.12219882	0.01920666	0.96425873	-0.06593488	-0.25662753
483	2.22170982	0.01029091	-0.01998429	-0.00479425	-0.00761241	0.01294615	-0.18160264
483	2.22170982	-0.00200558	-0.03822350	-0.00414469	0.02851398	-0.01002563	-0.15668607
2419	3366	0.00077556	0.00362942	-0.00387552	-0.64930930	-0.05975841	-1.17537266
2419	487	-0.04235688	0.02265636	-0.04702126	-0.72313983	0.06424509	-0.68770732
487	2.24426457	0.00050874	0.00525929	-0.00267793	-0.00219720	-0.00025814	-0.09433219
487	2.24426457	0.00233757	-0.00160174	-0.00201861	0.00968582	0.00249848	-0.09143300
2425	3375	-0.01003755	-0.08725493	0.00872918	-0.41680792	-0.08461148	-1.92395085
2425	421	-0.00848678	-0.08750247	0.00999601	0.11793440	0.02313929	-0.99275176
421	2.14522241	-0.01089634	-0.10103265	0.00985019	0.03706264	-0.00050268	-0.14720746
421	2.14522241	-0.01239072	-0.09087768	0.00832459	0.02118344	-0.00224199	-0.13615358
2431	3380	-0.00570524	-0.02729108	-0.01011351	-0.35229060	-0.18380282	-0.86455901
2431	562	-0.00914799	-0.01203690	-0.02509656	-0.24341168	-0.03458344	-0.96930632
562	2.39788494	-0.00535990	-0.02812229	-0.00896191	0.01536626	-0.00103657	-0.02489092
562	2.39788494	-0.00734428	-0.02868210	-0.00965480	0.01641627	-0.00330948	-0.02461931
2436	3385	-0.00037843	0.02063539	-0.00255639	-0.13901408	-0.22031108	-0.52680575
2436	591	-0.00483669	0.02077080	-0.01005652	0.54431337	-0.08286594	0.83477913
591	2.47725678	-0.00060565	0.01996173	-0.00251048	0.01744759	-0.00055274	0.02164934
591	2.47725678	-0.00006747	0.01945320	-0.00203794	0.01822847	-0.00007600	0.02149161
2437	3387	-0.00262173	-0.02906889	-0.00066309	-0.11640386	-0.23424052	-0.96068003
2437	652	-0.00434981	-0.01785917	-0.00875913	0.02683287	0.05238420	0.99826644
652	2.40299279	-0.00316088	-0.03063742	0.00064265	0.01290770	-0.00092328	-0.02425299
652	2.40299279	-0.00285021	-0.03033638	0.00050544	0.01432695	0.00025256	-0.01818091
2441	3394	0.00896591	-0.13248481	-0.00980486	0.04608502	-0.10969572	-2.27620890
2441	467	0.00703684	-0.12864421	-0.01665511	-0.03837465	-0.01345697	-0.99917281
467	2.35326579	0.00861290	-0.13463586	-0.00720230	0.00668011	0.00262712	-0.13419590
467	2.35326579	0.00809681	-0.13017215	-0.00988025	-0.00044247	0.00012363	-0.03646442
2448	3400	0.00484974	-0.00566881	-0.00725452	0.18693815	-0.09526647	-0.75996278
2448	490	0.00506186	-0.01034442	-0.00161255	0.01946578	-0.01794159	0.99964953
490	2.40429456	0.00425676	-0.00671001	-0.00393448	-0.00967347	0.00002908	0.01970738
490	2.40429456	0.00506875	-0.00796580	-0.00497723	-0.00599617	0.00118040	0.01943016
2449	3402	0.00524962	-0.02838879	-0.00709847	0.21009286	-0.09945969	-1.10234461
2449	391	-0.00984114	-0.02495180	-0.00763196	-0.97864834	-0.03380227	-0.20274326
391	2.58087200	0.00511370	-0.03090735	-0.00549770	-0.00702294	0.00016091	-0.02544922
391	2.58087200	0.00589259	-0.02948742	-0.00289925	-0.01139328	0.00295475	-0.01214785
2451	3405	0.01690142	-0.02678497	-0.01146120	0.21138943	-0.07017700	-1.29247576
2451	328	0.01529926	-0.03067797	-0.01420113	-0.00504255	-0.04669669	-0.99889639
328	2.35824592	0.01600564	-0.02905868	-0.01029578	-0.01249672	0.00075167	-0.04485585
328	2.35824592	0.01582343	-0.02811732	-0.01200863	-0.01330357	0.00020772	-0.04189324
2462	3417	0.01724159	0.16440086	0.00230140	0.75951441	-0.13578141	0.40200725
2462	260	0.02144844	0.14866859	0.01605269	0.43285587	-0.05118144	0.90000903
260	2.52842964	0.01728118	0.16176481	-0.00182954	0.05732937	-0.00714613	0.17502079
260	2.52842964	0.01753274	0.15572839	0.00288881	0.04124181	-0.00320446	0.09642833
426	3431	-0.00388518	-0.00512835	-0.00114463	-0.23333861	-0.14029119	-0.64922429
426	426	0.01019589	0.00335824	-0.02746374	0.49331091	0.08121100	-0.86605377
426	15.84916516	-0.00208365	-0.00398193	-0.00397967	0.00480501	0.00055308	-0.00528222
426	15.84916516	-0.00818498	-0.00872623	0.00163144	0.00034049	-0.00006258	-0.00025800
430	3434	-0.00331049	-0.03379479	-0.00451208	-0.42896345	-0.17277542	-0.38285655
430	473	-0.05534134	-0.04640083	-0.02146125	0.91604767	-0.20407914	0.34526565
473	18.05287517	-0.00297654	-0.04026532	-0.00757389	0.00511378	-0.00019983	0.00147048
473	18.05287517	0.00138081	-0.06895457	-0.00981025	0.00553063	0.00046441	0.00009920
435	3438	0.00421814	-0.04529870	0.00118948	-0.55385542	-0.20147518	0.01253391
435	566	0.00060688	-0.04252591	-0.01121314	0.21357610	-0.07688516	0.97389626
566	17.89348134	0.00407844	-0.05082254	-0.00044146	0.00204960	-0.00005885	0.00331676
566	17.89348134	0.00375253	-0.05208006	-0.00029786	0.00251556	-0.00017794	0.00351691
438	3441	0.00212601	-0.01812090	-0.00072115	-0.58924036	-0.20863690	0.02911185
438	706	0.01477672	-0.02262042	-0.01395511	0.73349931	0.10527549	-0.67148777
706	17.49961294	0.00213267	-0.02394947	-0.00215200	0.00155762	-0.00005943	0.00208642
706	17.49961294	0.00221632	-0.02483065	-0.00222885	0.00188455	-0.00006876	0.00217914
440	3443	0.00039180	-0.01299675	0.00470577	-0.58316047	-0.22078697	0.03283119
440	735	0.03647997	-0.02354861	0.00850730	0.98670264	-0.04715225	0.15554599
735	18.94396143	0.00042977	-0.02035382	0.00312797	0.00174060	-0.00002195	0.00132137
735	18.94396143	-0.00043330	-0.02179062	0.00332219	0.00244763	-0.00036211	0.00152287
441	3446	-0.00357548	0.00973051	0.00295565	-0.54274079	-0.21824533	-1.15619377
441	610	-0.00395452	0.00250153	0.00035343	0.10457935	-0.00024133	-0.99451652
610	17.39178756	-0.00447830	0.00152029	0.00060819	0.00226191	-0.00018586	-0.01849993
610	17.39178756	-0.00407289	0.00213038	0.00234599	0.00146795	0.00013760	-0.01770313
450	3453	0.00079330	-0.00759430	0.00116759	-0.56602708	-0.21210188	-0.21891756
450	617	-0.00378666	-0.01158554	0.00006141	-0.14818105	-0.23457158	-0.96073854
617	16.97173594	0.00035830	-0.01267093	-0.00067875	0.00010369	0.00008460	-0.00159048
617	16.97173594	0.00029910	-0.01295859	-0.00082549	0.00029544	0.00010464	-0.00174070
455	3457	0.00184841	-0.00803643	0.00211493	-0.75565290	-0.17694206	0.41718347
455	502	0.00054680	-0.01043554	0.01502309	0.09924295	-0.07950037	0.99188232
502	17.41776612	0.00155571	-0.00749913	0.00036982	-0.00068333	0.00008844	0.01278490
502	17.41776612	-0.00152296	-0.00642542	0.00628949	-0.00024918	-0.00032746	0.00241432
460	3465	-0.01135909	0.00956273	-0.00038808	-0.86724742	-0.20628575	-2.50163433
460	353	-0.01494655	0.01147666	0.01767918	0.00088151	-0.02063538	-0.99978668
353	15.71602585	-0.01294731	0.01409558	0.00019258	-0.00153557	0.00043826	-0.04085930
353	15.71602585	-0.01178893	0.01135902	0.00042768	0.00000951	0.00001055	-0.00114420
467	3469	-0.00899627	0.00316799	0.00413310	-0.89517408	-0.18572337	-0.40559589
467	647	-0.01180424	0.00618784	0.01572082	-0.22245604	-0.03110353	0.97444645
647	16.88969911	-0.00966810	0.00844623	0.00175589	0.00069762	0.00001641	0.00101527
647	16.88969911	-0.00903825	0.00846545	0.00176824	0.00097553	0.00018870	0.00165978
472	3473	-0.00625380	-0.00383405	0.00322265	-0.81493322	-0.14190931	-0.26621005
472	758	-0.00781496	0.00012656	-0.00414770	0.16200441	0.02421525	0.98649288
758	17.24211864	-0.00732496	-0.00097421	0.00159658	0.00082279	-0.00010280	0.00386866
758	17.24211864	-0.00702988	-0.00105637	0.00030183	0.00069367	0.00010095	0.00266399
476	3476	-0.00084801	-0.00712138	-0.00026084	-0.78866457	-0.13163802	-0.00699172
476	679	0.00126804	-0.01093399	0.01225929	0.28107385	-0.06540863	0.95745454
679	17.07295297	-0.00129229	-0.00482842	-0.00126894	0.00056530	-0.00013575	0.00742468
679	17.07295297	-0.00124785	-0.00297298	-0.00181804	0.00002014	-0.00012799	0.00764454
482	3481	-0.00177709	0.00228033	0.00313132	-0.69322199	-0.17691638	-0.25697068
482	930	-0.00172543	0.00419251	0.00016360	0.38318586	0.09116091	0.91916173
930	17.07267986	-0.00189248	0.00336650	0.00032630	0.00100055	-0.00006121	0.00176300
930	17.07267986	-0.00193531	0.00350977	0.00055425	0.00124430	-0.00011585	0.00247267
482	3484	-0.00069646	0.00697877	-0.00556810	-0.70261418	-0.16273963	-3.47832052
482	571	-0.00240221	0.00938632	-0.00570136	0.00350537	0.00077723	-0.99999355
571	14.56427429	-0.00413886	0.01051193	-0.00691611	-0.00242097	-0.00274304	-0.08859403
571	14.56427429	0.00145877	0.00571581	-0.00377338	-0.00003068	0.00024346	-0.00951070
497	3492	-0.00035353	-0.01176057	0.00190070	-0.51128550	-0.31847203	0.35987204
497	684	0.00182853	-0.01145119	0.00206352	0.24856547	0.01493068	0.96850002
684	15.42235990	-0.00017834	-0.00885126	0.00013374	0.00130237	-0.00017379	0.00978241
684	15.42235990	0.00127151	-0.00944502	-0.00193492	0.00263733	0.00044800	0.01177584
497	3495	0.00088633	-0.00940968	0.01673707	-0.46397766	-0.23255874	-2.64602661
497	496	0.00140432	-0.00117311	0.00290437	0.02933853	0.02201050	-0.99932717
496	16.11165349	-0.00083397	-0.00838974	0.01327339	0.00390091	0.00055352	-0.05804140
496	16.11165349	-0.00017643	-0.00482752	0.01611962	-0.00152506	0.00010364	-0.00693210
511	3501	0.00560301	-0.00121196	-0.00064242	-0.57649922	-0.39971094	1.66211657
511	612	0.00300799	0.00080003	0.01115565	-0.06715425	-0.05170024	0.99640222
612	17.75032895	0.00524957	0.00251478	-0.00115427	-0.00022248	-0.00077723	0.03456085
612	17.75032895	0.00489225	0.00298371	-0.00058130	0.00011756	-0.00099162	0.03736174
511	3506	0.00430574	-0.00028043	-0.00190203	-0.54425260	-0.23844891	-2.31958571
511	558	0.00341402	0.00552687	-0.00754393	-0.02760881	0.01523415	-0.99950271
558	15.45246546	0.00387252	0.00280949	-0.00218899	0.00013390	0.00072312	-0.03717653
558	15.45246546	0.00357084	0.00456352	-0.00311073	-0.00078974	0.00034027	-0.02218369
578	3535	-0.01932753	0.10905365	0.01395678	-0.00202588	-0.36061263	0.92369131
578	653	0.02158095	0.07064032	0.04577464	0.79490304	0.03749067	0.60557709
653	17.82552448	-0.02221298	0.11928815	0.01561417	0.00585521	-0.00069170	0.02259760
653	17.82552448	-0.00976571	0.12043033	0.00816566	0.00672701	0.00326362	0.02835030
578	3539	-0.00727230	-0.03951762	0.00099273	-0.19692132	-0.37284430	-0.28680527
578	833	-0.00196458	-0.02190115	-0.00916590	-0.23066061	0.15688152	0.96030405
833	17.27680574	-0.00952109	-0.02672086	0.00082985	0.00087229	-0.00111158	0.00620607
833	17.27680574	-0.00646275	-0.03014926	0.00085101	0.00151035	0.00017658	0.00446894
583	3547	-0.01355019	-0.21488645	-0.00006375	-0.10162317	-0.37588960	-1.72716131
583	707	-0.01698262	-0.20709568	0.00154313	-0.00523821	-0.04385932	-0.99902398
707	16.44137571	-0.01367007	-0.20589819	0.00385833	-0.00028653	-0.00010687	-0.02068727
707	16.44137571	-0.01117899	-0.19478489	0.00354040	0.00034250	-0.00007048	0.00216944
590	3553	-0.00509048	-0.15440618	-0.00095325	0.11200284	-0.37642043	-1.91092274
590	651	-0.01098734	-0.15042790	-0.00174854	0.14890411	-0.05186143	-0.98749074
651	16.05395498	-0.00716923	-0.14104035	0.00044323	0.00047176	-0.00067630	-0.02418916
651	16.05395498	-0.00385447	-0.13549054	0.00356438	-0.00142953	0.00049938	-0.00834464
598	3558	-0.00296822	-0.03349643	0.00537963	0.30061600	-0.42001571	-0.69620072
598	744	-0.00479083	-0.01961941	0.00349734	0.22821273	-0.12010846	-0.96617437
744	17.73936273	-0.00402674	-0.01988213	0.00501883	0.00067927	-0.00015840	-0.00354303
744	17.73936273	-0.00330383	-0.01867936	0.00438487	-0.00000052	0.00004280	-0.00274395
604	3564	-0.00392172	-0.02540199	-0.00347794	0.28425373	-0.43556930	-1.24452450
604	634	-0.00882195	0.00187940	-0.02121253	-0.33682890	0.02786953	-0.94115332
634	16.26027002	-0.00529635	-0.01024584	-0.00291112	-0.00124105	-0.00033479	-0.01715254
634	16.26027002	-0.00400097	-0.01115730	-0.00232956	-0.00009793	0.00002103	-0.00118153
615	3573	-0.00469292	-0.00786266	-0.00209440	0.26474500	-0.41779528	-0.76495071
615	646	-0.01067531	0.01116631	-0.00279847	-0.38482892	-0.16243956	-0.90858136
646	16.08912242	-0.00450525	0.00586585	-0.00246446	-0.00079731	-0.00007512	-0.00727847
646	16.08912242	-0.00480714	0.00628279	-0.00199837	-0.00083588	-0.00022266	-0.00790211
620	3577	-0.00280235	-0.00681190	0.00041126	0.26201300	-0.42010977	-0.48836552
620	810	-0.00199826	0.00783985	-0.00695789	0.26332597	-0.10868680	-0.95856487
810	16.00024285	-0.00302760	0.00767149	0.00000200	-0.00006683	-0.00004387	-0.00213428
810	16.00024285	-0.00315843	0.00745632	0.00015157	-0.00000065	-0.00009021	-0.00184865
627	3582	-0.00508055	-0.00735995	-0.00020442	0.23630909	-0.44949344	0.65434440
627	688	-0.00430669	0.00969936	-0.00960063	-0.00702262	0.00122739	0.99997459
688	17.48057052	-0.00453929	0.00799400	-0.00027621	0.00047160	-0.00012742	0.02090191
688	17.48057052	-0.00412429	0.00479218	0.00003668	0.00228833	0.00004557	0.02337116
633	3587	-0.00614411	-0.00637577	0.00291161	0.25181099	-0.49282633	0.86108830
633	652	-0.00578471	0.00784835	0.01128274	0.09819022	-0.01037164	0.99511362
652	17.49263583	-0.00622689	0.00573389	0.00184850	0.00408607	-0.00027796	0.02781722
652	17.49263583	-0.00622746	0.00628269	0.00313484	0.00294404	-0.00007991	0.02283367
638	3591	0.00494319	-0.01186476	0.00255691	0.25660060	-0.51911307	1.20427078
638	617	0.00586330	0.00384111	0.00387207	0.06499576	-0.00237342	0.99788272
617	17.54959706	-0.02525071	-0.04902169	-0.00340340	0.01825503	-0.00803715	0.02944773
617	17.54959706	0.00412220	0.00358502	0.00083565	0.00020255	-0.00005430	0.00235300
646	3598	0.00323382	-0.01893569	0.00258397	0.25521519	-0.53128167	0.94001263
646	645	0.00210113	-0.00347200	-0.00303496	0.06320896	-0.01890033	0.99782133
645	17.59329165	0.00296029	-0.00561714	0.00296272	0.00248412	-0.00022850	0.02810143
645	17.59329165	0.00368896	-0.00696032	0.00228693	0.00335109	-0.00003268	0.03004291
651	3602	-0.00740811	-0.02201315	-0.00178498	0.20234023	-0.52879644	1.11940541
651	608	-0.00746930	-0.00946851	0.00742225	0.03235938	-0.02154497	0.99924406
608	17.58208028	-0.00724238	-0.00892410	-0.00315703	0.00142077	-0.00021428	0.03088279
608	17.58208028	-0.00772533	-0.01209166	-0.00184332	0.00325153	-0.00067539	0.03358399
655	3607	-0.00273212	-0.02207183	0.00209689	0.17111545	-0.46107861	-1.09834103
655	661	-0.00373850	-0.01239039	0.00569060	0.20354822	-0.02075420	-0.97884492
661	16.54815970	-0.00297866	-0.01132963	0.00225400	0.00260018	0.00049115	-0.01728650
661	16.54815970	-0.00302873	-0.00791743	0.00146219	0.00001895	0.00001889	-0.00194442
662	3614	0.00444493	-0.01691610	-0.00150032	0.09257459	-0.39876778	-2.82994770
662	576	0.00384162	-0.00662526	-0.00340963	0.00646512	0.01450311	-0.99987392
576	17.22537575	0.00303190	-0.00543374	-0.00097775	0.00037105	0.00063302	-0.05345322
576	17.22537575	0.00381628	-0.00658132	-0.00191089	-0.00015850	0.00018767	-0.00870683
667	3617	0.00226162	-0.01400235	-0.00283448	0.08042296	-0.42465326	-1.48460483
667	598	0.00362230	0.00087364	-0.02982216	0.08086206	-0.00897244	-0.99668492
598	16.02960957	0.00124204	-0.00074883	-0.00002061	-0.00166309	0.00066721	-0.02535004
598	16.02960957	0.00219156	-0.00030148	-0.00312948	-0.00003964	0.00001423	-0.00061893
671	3621	-0.00298567	-0.00933290	0.00098623	0.05349011	-0.45104632	-2.34801444
671	548	-0.00567584	-0.00234833	0.00741092	0.08119147	-0.02653593	-0.99634522
548	15.83755428	-0.00421058	0.00320016	0.00164690	-0.00079046	0.00029162	-0.04450396
548	15.83755428	-0.00257326	0.00549819	-0.00223868	-0.00004940	0.00002290	-0.00127394
679	3625	-0.00052716	-0.00875153	0.00104717	-0.03555915	-0.55549690	1.19704346
679	640	0.00199951	0.00480761	-0.00578330	-0.02782206	-0.00009288	0.99961289
640	17.66125757	0.00254911	0.00184452	-0.00896939	0.00243965	0.00197360	0.04756708
640	17.66125757	0.00103312	0.00021274	0.00208202	0.00022075	0.00034176	0.03440280
684	3630	-0.00245359	-0.00951499	-0.00008261	-0.10202712	-0.60175356	0.27684829
684	826	-0.00394871	0.00104435	0.00143646	-0.08525320	-0.05295562	0.99495105
826	17.34283632	-0.00249716	0.00192944	0.00071905	-0.00175443	-0.00035991	0.01235704
826	17.34283632	-0.00244713	0.00028005	0.00079503	-0.00025964	-0.00022942	0.01182537
692	3636	-0.00378668	-0.00826937	0.00142006	-0.21493756	-0.67906678	1.27166110
692	689	-0.00363881	0.00600912	-0.01498110	-0.02729304	-0.01847945	0.99945665
689	18.87257006	-0.00273811	0.00043280	0.00252801	0.00088699	0.00029953	0.03056855
689	18.87257006	-0.00446345	0.00009226	0.00160816	0.00196203	-0.00118271	0.02826291
697	3640	0.00627922	-0.01108550	-0.00043174	-0.24794581	-0.68986545	1.55250297
697	574	0.00479529	-0.00018481	-0.00255361	-0.01025126	-0.02917588	0.99952173
574	17.58266844	0.00654247	-0.00194469	-0.00015072	0.00035086	-0.00078976	0.04021029
574	17.58266844	0.00781056	-0.00574963	0.00269827	0.00282078	0.00019254	0.03972708
708	3648	-0.00283777	-0.01484363	0.00200283	-0.34974438	-0.69481428	2.82842176
708	563	-0.00222046	-0.00191861	-0.02974101	0.04648791	-0.00546351	0.99890391
563	18.93270636	-0.00136226	-0.00457478	0.00281345	-0.00116228	-0.00092144	0.06166128
563	18.93270636	-0.00395661	-0.00458567	0.00367865	-0.00184318	-0.00260090	0.06592471
726	3661	0.01149894	-0.09377870	-0.00531453	-0.67718624	-0.82206233	2.33393641
726	627	0.01341416	-0.08083018	-0.01019922	-0.17142225	-0.00059403	0.98519747
627	18.52576765	0.01099762	-0.08375121	-0.00559205	-0.00746022	-0.00096450	0.05509294
627	18.52576765	0.00886005	-0.08429042	-0.00375472	-0.00534151	-0.00185685	0.04909629
739	3676	-0.00493454	-0.22165327	-0.02444004	-1.82073280	-0.79606026	-0.06087936
739	636	0.00217641	-0.23506561	-0.02563083	-0.96356919	0.02517983	0.26627129
636	18.16792069	-0.00513326	-0.21210945	-0.01961051	-0.02794120	0.00131645	0.00032109
636	18.16792069	-0.00480690	0.26089983	-0.00641333	-0.18216427	0.00239428	0.02810878
739	3680	0.01121023	0.06503634	-0.01603418	-1.79952364	-0.73666567	-1.56904804
739	717	0.02280780	0.05566541	0.00181909	-0.61658074	0.05338352	-0.78547972
717	16.61847096	-0.01230018	-0.02495901	0.00048251	-0.00040970	-0.00941786	0.01124350
717	16.61847096	0.01263629	0.08395999	-0.01373553	-0.02777061	0.00178422	-0.01639112
743	3683	0.00534851	0.05295991	0.00766202	-1.95539731	-0.77827991	-0.78029879
743	607	-0.06651062	0.03012483	0.00157971	-0.99490687	0.00480106	-0.10068402
607	16.82269504	0.04842966	0.09150174	0.00842061	-0.03912251	0.01273060	-0.01063363
607	16.82269504	0.02041878	0.44905106	0.03834219	-0.09847284	-0.00050603	0.02496722
747	3686	0.01383768	0.02914629	-0.00425659	-1.96684824	-0.78596096	0.16007293
747	538	0.03222779	0.06047867	-0.01061632	-0.89000562	0.03741312	0.45441199
538	16.45202958	0.01616163	0.04635269	-0.00344185	-0.03369710	0.00172095	0.00459569
538	16.45202958	0.01270861	0.04862312	-0.00314508	-0.03399416	0.00086604	0.00304707
747	3687	0.00739449	0.11178488	-0.00396578	-1.83477072	-0.77494811	-0.16346318
747	523	-0.02791316	0.11387642	-0.01498340	-0.98644903	0.07955258	-0.14349108
523	15.90676481	0.00615256	0.11733761	-0.00399757	-0.02985697	0.00110349	-0.00846220
523	15.90676481	0.00659265	0.12499448	-0.00526997	-0.03149675	0.00132598	-0.00584773
747	3688	0.00210690	0.19082178	-0.00217392	-1.83520077	-0.78770959	-0.55422020
747	486	0.03593926	0.16924584	0.01988936	-0.80062314	0.09219987	-0.59203190
486	16.16154189	0.00031118	0.17006991	-0.00778611	-0.01919905	0.00072780	-0.01530569
486	16.16154189	0.00106824	0.23355192	-0.00121634	-0.04186311	0.00074562	-0.00860939
750	3689	0.00082218	0.06093290	0.00880945	-1.65440029	-0.82589415	0.62210157
750	490	0.02830630	0.09452882	0.00814769	-0.98797306	0.05508997	0.14447949
490	17.19955990	0.00005040	0.05990361	0.01415658	-0.02591272	0.00018966	0.01115175
490	17.19955990	0.00211333	0.19098890	0.02069574	-0.04798056	-0.00050854	0.01818312
752	3691	-0.00487402	0.06886929	-0.00260054	-1.57049394	-0.85255881	0.80135165
752	443	-0.01200425	-0.04028484	-0.00665131	0.99943678	-0.03260382	-0.00794464
443	17.61121195	0.04295082	0.09262999	-0.08070823	-0.02544606	0.02859768	0.01991209
443	17.61121195	-0.01518892	0.19895835	0.01189932	-0.07118454	-0.00612038	0.03299027
752	3692	0.00418255	0.11736407	0.00417558	-1.47562139	-0.85093814	0.29275905
752	449	-0.02827253	0.12395891	-0.00425501	-0.99958909	0.01985551	-0.02067406
449	16.95445138	0.00581365	0.10993723	-0.00068552	-0.01437724	0.00110736	0.00675620
449	16.95445138	0.00540429	0.12832032	0.00183585	-0.02547202	0.00098787	0.00234273
755	3693	-0.00738687	0.03787379	-0.01610324	-1.42064472	-0.88418643	1.52704402
755	383	0.04267184	-0.02669645	-0.06123175	-0.82278718	0.07126510	0.56386395
383	17.77111889	-0.00798546	0.08437090	-0.03191594	-0.04522800	0.00189509	-0.00762968
383	17.77111889	0.01806677	0.25361283	0.00236147	-0.05044602	0.00358065	0.03075659
755	3696	-0.00446330	0.10578617	-0.00029498	-1.28644755	-0.88652691	-0.18802079
755	452	-0.00181425	0.08781388	0.00407576	-0.80521404	0.00156328	-0.59298221
452	15.57581064	-0.00453372	0.11639538	0.00064287	-0.02187681	0.00017184	-0.01109396
452	15.57581064	-0.00125377	0.13248532	-0.00616088	-0.02860162	0.00230754	-0.00789560
759	3701	-0.01925976	0.06438011	-0.01609637	-1.12115320	-0.89512412	-1.01005383
759	604	-0.01907430	0.06428113	-0.02509934	-0.45242193	0.00833634	-0.89176505
604	14.15992961	-0.01690475	0.07765936	-0.02405155	-0.01836043	0.00077579	-0.02802296
604	14.15992961	-0.01510635	0.05876900	-0.01866950	-0.00070439	0.00002918	-0.00156890
765	3705	-0.00614592	0.05663085	-0.01232982	-0.87674163	-0.89542343	-0.01998912
765	774	0.01804379	0.04469181	0.01280418	-0.69216352	0.05462683	-0.71967046
774	16.48726777	-0.02253360	0.08882876	-0.01186198	-0.02435861	-0.00847097	-0.02825313
774	16.48726777	-0.00447737	0.05044829	-0.01329357	-0.00252757	0.00004772	-0.00214753
769	3709	-0.00255586	0.03622449	-0.00658699	-0.73104666	-0.90591670	-0.42789990
769	881	-0.00447527	0.04106882	-0.00601037	-0.41044781	-0.03241547	-0.91130776
881	16.27173447	-0.00103814	0.04104358	-0.00595105	-0.00712040	0.00012343	-0.01510317
881	16.27173447	-0.00135381	0.04076710	-0.00628148	-0.00676241	-0.00006146	-0.01474695
777	3714	-0.01036276	0.01832010	-0.00112942	-0.53944869	-0.92037050	1.64325163
777	740	-0.01244368	0.02377161	-0.00537588	-0.11505702	-0.04430620	0.99237032
740	18.29100270	0.05202352	-0.16946332	-0.00039196	0.07030710	0.02326670	0.04142609
740	18.29100270	-0.01126565	0.02123464	-0.00154445	-0.00014798	-0.00006269	0.00199729
782	3720	-0.00295219	0.01706707	-0.00018991	-0.41522120	-0.92141128	0.17779151
782	977	-0.00824830	0.01395171	0.00148560	-0.88904099	0.32948357	-0.31787843
977	16.43742094	-0.00208533	0.01959611	-0.00021007	-0.00126311	-0.00007861	0.00004214
977	16.43742094	-0.00217823	0.02037360	-0.00033368	-0.00148164	-0.00008490	0.00043919
786	3723	-0.00584934	0.01121272	0.00394494	-0.33124904	-0.95355973	0.70821361
786	837	0.12622615	0.03445105	-0.00915851	-0.98606821	0.08698827	0.14178337
837	17.49289099	-0.00529011	0.01286292	0.00360960	0.00040784	-0.00013637	0.01300729
837	17.49289099	-0.00492304	0.01391663	0.00330327	0.00011259	0.00004095	0.01330983
789	3726	-0.00453375	0.00190790	0.00414671	-0.29378846	-0.95476524	0.22817720
789	1019	0.01341620	-0.01236106	-0.00293444	0.94356598	0.22338179	-0.24450730
1019	17.60783213	-0.00399707	0.00295452	0.00343441	0.00088320	-0.00007575	0.00287806
1019	17.60783213	-0.00412959	0.00364904	0.00296831	0.00080718	-0.00007796	0.00343582
796	3730	-0.01167407	-0.01814499	0.00010006	-0.30980652	-0.96945073	2.25786913
796	626	-0.01153993	-0.01645329	-0.00437182	-0.03728174	-0.03179372	0.99879889
626	17.54379351	-0.00137519	-0.01248110	0.01099483	-0.00896902	0.01246958	0.06384832
626	17.54379351	-0.01081972	-0.01298925	-0.00170600	-0.00046173	-0.00030372	0.04133820
803	3737	-0.00442161	-0.02083308	-0.00596363	-0.43499210	-0.96613861	0.87755446
803	727	-0.00474128	-0.02177858	0.00368513	-0.15998644	-0.02158102	0.98688327
727	17.80295516	-0.04731739	-0.03294314	0.01709395	0.00776372	-0.03768254	0.00794436
727	17.80295516	-0.00354940	-0.02206005	-0.00478451	-0.00192296	-0.00055456	0.01785371
807	3741	-0.00152519	-0.00525718	-0.00810550	-0.46163063	-0.97190568	0.09677996
807	831	-0.02865510	-0.02774402	0.01471954	0.82353985	-0.01366972	-0.56709369
831	15.57189752	-0.00187352	-0.00875892	-0.00797754	-0.00339165	-0.00026538	0.00143166
831	15.57189752	-0.00054563	-0.00296530	-0.00826986	-0.00537177	0.00016423	0.00110370
815	3746	0.00360529	0.02370589	-0.00625436	-0.38229575	-1.00643783	1.74149072
815	540	0.00375069	0.02317002	-0.00312810	-0.06399713	-0.00018968	0.99795006
540	17.84239376	0.00410046	0.02536188	-0.00729610	-0.00426140	-0.00007779	0.03937502
540	17.84239376	0.00299358	0.02636386	-0.00845835	-0.00368987	-0.00061951	0.03409029
821	3752	0.00322099	0.02596777	0.00348743	-0.27154491	-0.99132138	0.63883102
821	719	0.00510391	0.02519568	0.00065793	0.08953763	0.02624458	0.99563760
719	17.48773891	0.00375216	0.02366152	-0.00000031	0.00384073	0.00019997	0.02024400
719	17.48773891	0.00180429	0.03050785	0.00401683	-0.00318463	-0.00186585	0.02380495
835	3762	-0.00293916	-0.02093276	0.00152296	-0.26002613	-1.04017547	1.17165931
835	714	-0.00065397	-0.02345099	0.00925539	0.08156787	-0.00854520	0.99663116
714	18.19506421	-0.00359674	-0.02172171	-0.00036313	0.00336738	-0.00117003	0.02089997
714	18.19506421	-0.00302694	-0.01782215	0.00038491	-0.00024544	-0.00069049	0.03124932
846	3770	-0.00217069	0.00038092	0.00085676	-0.25523169	-1.08588144	0.74278412
846	746	0.01162708	0.02106289	-0.03023052	-0.43296033	0.00513354	0.90139836
746	18.08591830	-0.00193186	0.00163917	0.00077450	0.00080359	-0.00039360	0.01838519
746	18.08591830	0.00027219	0.00112394	0.00094859	0.00119687	0.00066390	0.01771782
854	3777	0.00124486	-0.00612852	-0.00047677	-0.26100607	-1.03418085	-0.49145373
854	563	-0.00027278	-0.00292123	-0.01100305	-0.04766673	-0.05139895	-0.99753999
563	16.56682836	0.00291686	-0.01000182	-0.00109811	0.00429696	0.00096749	-0.01192889
563	16.56682836	0.00209257	-0.00679569	0.00002628	0.00130481	0.00005006	-0.01088350
859	3780	0.01341165	-0.00703826	0.00391890	-0.26924406	-1.03172859	0.15773608
859	459	0.01485272	-0.00844579	0.00397836	0.09084817	0.01123977	0.99580132
459	16.55901254	0.01428526	-0.00827212	0.00235088	0.00107265	-0.00012897	0.00637699
459	16.55901254	0.01505711	-0.00923953	0.00204270	0.00197006	0.00037657	0.00673169
868	3788	0.00018481	-0.01122773	-0.00000276	-0.36487573	-0.95678532	-0.91592321
868	565	-0.00071735	-0.00184537	0.00604983	-0.39154059	-0.04207699	-0.91919829
565	16.39063648	-0.00084985	-0.01224165	0.00009141	-0.00126374	0.00019672	-0.02075185
565	16.39063648	-0.00149619	-0.01422432	-0.00008430	0.00035233	-0.00006632	-0.02001734
876	3794	-0.00094289	0.00832929	-0.00106768	-0.39878767	-0.92423579	-0.34742894
876	683	-0.00478831	0.01365330	-0.00788300	-0.34411433	-0.03587286	-0.93824222
683	16.51461942	-0.00032790	0.00813628	0.00001891	-0.00068885	0.00015183	-0.00760235
683	16.51461942	-0.00073585	0.00763087	0.00069302	-0.00005255	-0.00006495	-0.00469173
883	3800	0.00100917	-0.00519834	0.00053381	-0.44727590	-0.92512170	-0.52381393
883	723	0.00074862	-0.00081505	0.00266603	-0.21854664	-0.00008525	-0.97582650
723	17.33526758	0.00022362	-0.00514211	0.00118893	0.00015408	0.00020986	-0.00975417
723	17.33526758	0.00045131	-0.00484745	0.00135492	0.00034939	0.00020333	-0.00708731
915	3827	0.00121375	0.02276075	-0.00275999	-0.38636938	-0.83210870	-0.75648440
915	795	0.00161549	0.01903445	-0.00024819	0.03853387	0.07747201	-0.99624958
795	16.62877824	0.00100701	0.01943986	-0.00248123	0.00028117	0.00042375	-0.01518447
795	16.62877824	0.00163112	0.01821159	-0.00237535	0.00152068	0.00068108	-0.01373574
922	3833	-0.00697083	0.03029633	-0.00101796	-0.22759898	-0.79617639	-1.20457628
922	782	-0.01142256	0.02330062	0.00706443	0.21437921	-0.04456590	-0.97573328
782	16.15438677	-0.00763668	0.02685196	-0.00267804	0.00362614	0.00035326	-0.02626344
782	16.15438677	-0.00808225	0.02611975	-0.00036056	0.00357564	0.00001895	-0.02250526
931	3839	-0.00302478	0.01777799	0.01698699	-0.03474529	-0.77796956	-1.10870793
931	750	-0.00541949	0.01532757	0.02082461	0.29387098	-0.01689283	-0.95569581
750	16.42920201	-0.00291373	0.01392590	0.01784319	0.00857460	0.00041212	-0.02435540
750	16.42920201	-0.00345568	0.01906965	0.01752113	0.00041660	-0.00001666	-0.00171961
944	3847	-0.01409957	-0.26723256	0.00645209	-0.75974096	-0.69325282	-2.52873958
944	464	-0.01389340	-0.27178597	-0.00087899	-0.17303524	0.03192959	-0.98439794
464	15.07535909	-0.00403012	-0.29287817	0.01567205	0.01050943	0.01238881	-0.08950218
464	15.07535909	-0.01485164	-0.26788370	0.00570029	-0.00096871	-0.00002834	-0.00501073
944	3850	-0.00004925	-0.27425167	-0.00892918	-0.78270879	-0.55392839	-5.82757430
944	382	-0.00202186	-0.28224589	-0.01773880	-0.04018051	0.00421212	-0.99918356
382	14.65619587	-0.25456339	0.21536964	-0.02766333	-0.40879135	-0.20866202	0.17532575
382	14.65619587	-0.02273406	0.48012429	0.05256797	-0.08892865	-0.00721489	0.02377171
20	4469	-0.00302478	-0.00010880	-0.00430111	-0.13761742	0.29696491	0.01973054
20	647	-0.00233211	-0.01933360	-0.00716476	-0.64369879	0.06167274	0.76278984
647	45.28849827	-0.00296226	-0.01080683	-0.00138707	-0.00381437	0.00029422	0.00440341
647	45.28849827	-0.00278091	-0.01274964	-0.00213999	-0.00366454	0.00014606	0.00697575
27	4474	-0.01142582	0.01022316	-0.01258130	-0.19386806	0.31008141	1.64248624
27	599	-0.00813178	-0.00344821	-0.01812812	-0.06361135	-0.01185227	0.99790436
599	42.42106914	-0.01033539	-0.00050612	-0.02329278	-0.00233302	-0.00115633	0.01890852
599	42.42106914	-0.00961628	0.00107413	-0.01727500	-0.00495423	-0.00039514	0.02596951
32	4480	-0.00020613	0.03546768	-0.00961323	-0.09767279	0.32771532	0.17839862
32	664	-0.00157452	0.02255737	-0.00544049	-0.37000492	0.02199403	0.92876941
664	45.17085800	-0.00072948	0.02709156	-0.00812812	-0.00372997	-0.00010129	0.00659426
664	45.17085800	0.00120751	0.02588197	-0.00909958	-0.00225259	0.00040197	0.00482789
37	4486	-0.00339275	0.03993281	-0.00198846	0.03727127	0.36305726	-1.42009948
37	723	-0.00152072	0.02978267	0.00894559	-0.03626304	0.03331644	-0.99878677
723	41.77686410	-0.00160412	0.02500933	0.00590526	0.00262375	0.00094217	-0.00114626
723	41.77686410	-0.00318272	0.02794343	-0.00183151	0.00050232	-0.00017572	-0.00700504
50	4495	-0.00482914	0.01498164	0.00962310	0.17697401	0.19799703	1.87760385
50	658	-0.00039836	0.00549769	0.01853882	0.08650223	0.02386582	0.99596576
658	44.91576130	-0.00445169	0.00703052	0.00878482	0.00298184	-0.00067703	0.01997121
658	44.91576130	-0.00456970	0.00427345	0.00870327	0.00299829	-0.00072523	0.02623098
59	4502	-0.00410632	0.00286365	0.01296182	0.06726991	0.18305027	2.72680876
59	594	-0.00220386	0.00067761	-0.00051330	0.00445224	0.01502803	0.99987716
594	46.13057883	0.00416089	-0.00965460	-0.00292668	0.00833739	0.00212062	0.05154206
594	46.13057883	-0.00227938	-0.00604178	0.01469559	0.00289334	0.00016431	0.03598736
65	4508	0.00566650	-0.00696111	-0.00171998	-0.05896335	0.21215876	1.43491732
65	672	0.00965496	-0.01068890	-0.00373777	-0.01031145	0.03290785	0.99940520
672	45.99534615	0.00556382	-0.01202625	-0.00395651	0.00105478	-0.00068830	0.01614286
672	45.99534615	0.00662478	-0.01179836	-0.00172158	0.00053910	-0.00029222	0.01833672
77	4515	-0.01421400	-0.02300373	-0.00871045	-0.27859141	0.21254823	3.32927878
77	669	-0.01048937	-0.02249112	-0.02256803	-0.06739604	0.00471171	0.99771518
669	48.41290573	0.00794462	0.00624181	-0.01309421	-0.01271715	0.00621938	0.03913803
669	48.41290573	-0.01281657	-0.02176002	-0.00926462	-0.00404032	-0.00022692	0.04477456
93	4525	-0.01231881	0.01923350	-0.01824081	-0.49812570	0.26908147	1.36106367
93	727	-0.01140599	0.01987604	-0.01794468	-0.30281787	-0.01762589	0.95288544
727	46.13999860	-0.01055379	0.01957902	-0.01788921	-0.00488173	-0.00004468	0.01667216
727	46.13999860	-0.01092960	0.01961856	-0.01759765	-0.00485433	-0.00015876	0.01644983
99	4529	-0.00110218	0.17956015	-0.00869959	-0.11677625	0.29911553	-0.56103204
99	565	-0.00352936	0.17778516	0.00440699	0.15140195	-0.00725423	-0.98844566
565	50.17170103	-0.00110702	0.18250608	-0.00524502	0.00023880	0.00053326	-0.00449396
565	50.17170103	-0.00131419	0.18017757	-0.00814042	-0.00001453	-0.00000251	0.00012372
99	4535	-0.00276905	0.17490230	-0.00586415	-0.06839695	0.47603041	-7.41857189
99	407	-0.00908967	0.17257505	0.00036704	0.05304517	-0.01487369	-0.99848134
407	39.70197176	0.00242089	0.18325443	-0.00534098	-0.01104704	0.00564021	-0.04640593
407	39.70197176	-0.00551221	0.14660406	-0.00128363	0.01005676	-0.00139189	0.00657647
